101101101100100110100101100100
101001010011010100110101011011
010010011011011011011010010010
100110100100101010101001101101
011001101101100101010110010101
011011011011010100101001101010
100110110110101010100100101101
010101101101011001011011010011
101010010010110101010011010110
101010100110101010101100101001
010101011001010101011001100100
110010110010100110110110011011
101011001101011001001010010110
001100110110101010100101100101
010010101011010100110010101011
101101011001101001001101010110
110010010110010011001001001100
001101101001101100110110110011
101010100101010011011011011011
110101011010101100101101100100
011010110011011010010100110011
001010101101010101101011001101
110101001100101011001100110010
101010010010110110110011010101
010101101101001101101100101011
100110101010011011001101010110
011001010101100100110010101001
110110101100110011011010010011
101101101011001101101101101100
010011010010110110110110101100
